1493
1785
1376
966
1374
1256
1781
1543
1421
1069
1592
1066
1531
1706
1764
1525
1174
1053
1750
1106
930
1687
923
1447
1154
1502
1501
1267
1617
1558
1847
1553
2486
2778
2369
1959
2367
2249
2774
2536
2414
2062
2585
2059
2524
2699
2757
2518
2167
2046
2743
2099
1923
2680
1916
2440
2147
2495
2494
2260
2610
2551
2840
2546
4984
5276
4867
5450
4865
5740
5272
5034
4912
5553
5083
5550
5022
5197
5255
5016
5658
5537
5241
5590
5414
5178
5407
4938
5638
4993
4992
4758
5108
5049
5338
5044
6863
7155
6746
7329
6744
7619
7151
6913
6791
7432
6962
7429
6901
7076
7134
6895
7537
7416
7120
7469
7293
7057
7286
6817
7517
6872
6871
7630
6987
6928
7217
6923
