25
34
93
150
201
238
273
352
365
416
458
464
475
484
501
531
565
712
919
1033
1154
1363
1416
1500
1537
1638
1674
1768
1931
1980
2117
2201
2682
2762
2791
2834
2903
2961
3045
3110
3268
3274
3366
3439
3548
3584
3632
3718
3748
3761
3782
3803
3818
3977
4179
4182
4363
4411
4607
4655
4747
4856
4970
5054
5200
5425
5450
5633
5663
5670
5788
5845
5975
6014
6070
6139
6219
6245
6286
6386
6443
6444
6448
6623
6626
6773
6788
6789
6818
6915
6981
7090
7174
7191
7297
7364
7421
7506
7522
7530
7689
7737
7868
7882
7945
7993
8023
8117
8123
8181
8205
8228
8269
8278
8318
8330
8396
8417
8498
8535
8644
8822
8841
8849
8870
8978
8983
8991
