0
21
101
109
143
146
148
152
172
229
293
321
331
348
367
389
400
454
461
484
554
566
598
616
651
664
665
724
740
755
780
858
993
1014
1094
1102
1136
1139
1141
1145
1165
1222
1286
1314
1324
1341
1360
1382
1393
1447
1454
1477
1547
1559
1591
1609
1644
1657
1658
1717
1733
1748
1773
1851
3820
3841
3921
3929
3963
3966
3968
3972
3992
4049
4113
4141
4151
4168
4187
4209
4220
4274
4281
4304
4374
4386
4418
4436
4471
4484
4485
4544
4560
4575
4600
4678
5806
5827
5907
5915
5949
5952
5954
5958
5978
6035
6099
6127
6137
6154
6173
6195
6206
6260
6267
6290
6360
6372
6404
6422
6457
6470
6471
6530
6546
6561
6586
6664
