sample: 1,493,009 stock-days, 3007 stocks, treated days 29,795
               var    coef     se       t        n  n_dates  n_stocks                                model             y
0       flow_adv_w -0.0648 0.0351 -1.8454  1487597      932      2960                    reversal:flow_adv       on1_x_w
4       flow_adv_w  0.0786 0.0755  1.0409  1487597      932      2960                    reversal:flow_adv       oc1_x_w
8       flow_adv_w  0.0109 0.0866  0.1260  1487597      932      2960                    reversal:flow_adv       cc1_x_w
12      flow_adv_w -0.0099 0.1556 -0.0639  1479486      928      2956                    reversal:flow_adv       cc5_x_w
16  flow_pre_adv_w -0.0044 0.0142 -0.3076   402726      594       741                pressure:flow_pre_adv  r_last30_x_w
20  flow_pre_adv_w -0.0703 0.0361 -1.9477   402007      593       741  reversal:flow_pre_adv(+last30 ctrl)       on1_x_w
25  flow_pre_adv_w -0.0042 0.0828 -0.0505   402007      593       741  reversal:flow_pre_adv(+last30 ctrl)       cc1_x_w
          var    coef     se       t       n  n_dates  n_stocks                model        y
0  flow_adv_w -0.1196 0.0309 -3.8656  102164      932       145  within-stock slopes  on1_x_w
3  flow_adv_w -0.0551 0.0756 -0.7299  102164      932       145  within-stock slopes  cc1_x_w
   decile     n  mean_flow_adv  mean_r_t  on1_x_w_bps  on1_x_w_se  oc1_x_w_bps  oc1_x_w_se  cc1_x_w_bps  cc1_x_w_se  cc5_x_w_bps  cc5_x_w_se
0       1  2980          -0.01     -0.05        18.54        9.38        -9.06       20.74         9.92       24.71       -21.01       46.76
1       2  2979          -0.00     -0.03        -2.92        4.92         9.51       11.77         6.75       12.47        41.96       26.61
2       3  2980          -0.00     -0.02        -1.68        3.21        -6.68        6.60        -8.61        7.17        16.89       16.87
3       4  2979          -0.00     -0.02        -4.64        2.63         4.61        5.49        -0.56        6.18        -6.79       13.71
4       5  2980          -0.00     -0.01        -1.81        2.09        -1.63        3.91        -3.38        4.71         2.55       10.54
5       6  2979           0.00      0.01         2.32        2.07         0.20        3.90         2.34        4.37        14.55       10.62
6       7  2979           0.00      0.02         4.64        2.44        -0.78        4.91         4.16        5.71        -3.63       13.75
7       8  2980           0.00      0.02         6.91        3.00        -7.08        6.77         0.17        7.40        17.46       16.49
8       9  2979           0.00      0.03        13.07        4.41        -5.62        9.24         7.25       10.48        33.17       23.75
9      10  2980           0.01      0.06         7.79        7.40        -5.32       16.81         3.11       18.38       -68.21       40.60
   decile     n  mean_flow_adv  mean_r_t  r_last30_x_w_bps  r_last30_x_w_se  on1_x_w_bps  on1_x_w_se  cc1_x_w_bps  cc1_x_w_se
0       1  2645          -0.01     -0.05              1.18             4.52        19.76       10.04        16.60       26.61
1       2  2644          -0.00     -0.03              2.51             2.61        -1.59        5.56         3.30       13.39
2       3  2644          -0.00     -0.02              4.56             1.71        -1.88        3.48         6.00        8.49
3       4  2644          -0.00     -0.01              2.28             1.23        -1.93        2.89        -0.48        6.65
4       5  2677          -0.00     -0.01              1.11             1.03        -3.70        2.49        -7.19        5.24
5       6  2612           0.00      0.01             -1.46             0.86         1.26        2.35        -1.52        5.08
6       7  2644           0.00      0.02             -1.03             1.13         6.59        2.94         7.01        7.16
7       8  2644           0.00      0.02             -0.86             1.51         6.59        3.31         0.07        7.48
8       9  2644           0.00      0.03              1.53             2.17        10.09        4.78         8.48       11.72
9      10  2645           0.01      0.06             -1.67             3.36        12.47        7.71        12.16       18.26
      subset     n  n_dates  rev_treated_bps  rev_treated_se  rev_ctl_bps  rev_ctl_se  excess_bps  excess_se      y
0        all  2956      469            18.45            7.61        -1.29        2.89       19.74       6.82  on1_x
1  year=2024   326      171             2.85           17.06         3.83        3.88       -0.98      15.55  on1_x
2  year=2025  1662      244            12.64            9.61        -0.95        2.86       13.59       8.67  on1_x
3  year=2026   968       54            34.03           15.31        -3.64        7.37       37.67      13.46  on1_x
4    up days  1411      333             3.64            9.52        -0.29        2.71        3.93       9.04  on1_x
5  down days  1545      320            32.17           12.17        -2.21        5.20       34.38      10.47  on1_x
0        all  2956      469             4.85           19.60         1.79        5.39        3.06      17.60  cc1_x
1  year=2024   326      171            46.38           28.05        11.33        6.76       35.05      26.66  cc1_x
2  year=2025  1662      244           -27.41           22.68         5.22        5.86      -32.62      21.15  cc1_x
3  year=2026   968       54            47.22           45.02        -7.51       12.99       54.72      38.79  cc1_x
4    up days  1411      333            -1.95           23.58         1.01        7.20       -2.96      21.58  cc1_x
5  down days  1545      320            11.15           32.66         2.52        8.61        8.63      29.07  cc1_x
          total  share_top10_days  share_top5_names                    top5_names  total_ex_top10_days      y          col
0  54124.948094          0.856158          0.521316   COIN, QUBT, BMNR, IONQ, SMR          7785.451347  on1_x  rev_treated
1  57902.873397          0.722832          0.474535   COIN, QUBT, BMNR, IONQ, SMR         16048.836819  on1_x       excess
2   8974.991107          8.214854          4.880366  MSTR, BMNR, IREN, CRCL, COIN        -64753.248851  cc1_x       excess
