0
12
22
39
88
113
156
202
256
272
308
328
381
395
443
466
475
526
570
573
603
607
608
648
666
672
727
756
758
769
777
784
993
1005
1015
1032
1081
1106
1149
1195
1249
1265
1301
1321
1374
1388
1436
1459
1468
1519
1563
1566
1596
1600
1601
1641
1659
1665
1720
1749
1751
1762
1770
1777
3972
3984
3994
4011
4060
4085
4128
4174
4228
4244
4280
4300
4353
4367
4415
4438
4447
4498
4542
4545
4575
4579
4580
4620
4638
4644
4699
4728
4730
4741
4749
4756
5958
5970
5980
5997
6046
6071
6114
6160
6214
6230
6266
6286
6339
6353
6401
6424
6433
6484
6528
6531
6561
6565
6566
6606
6624
6630
6685
6714
6716
6727
6735
6742
